480
345
522
276
507
569
326
479
633
464
572
501
548
465
489
461
931
796
647
792
907
701
950
952
650
652
684
1255
1181
773
896
892
1033
1259
804
991
6137
6199
6138
840
1967
1702
3014
2771
2770
6605
2454
6519
1536
3121
1534
3278
1421
1427
1549
1498
1629
1635
1449
1639
2702
3429
3413
3331
3388
3585
3595
3561
3423
7348
3674
3624
7213
3888
3861
4040
3941
8612
9584
4115
9615
4396
4423
4318
4425
4319
4353
4354
4327
4329
4336
4351
4428
4465
4427
4454
4360
4359
10398
10521
10525
10723
4431
4434
4441
4435
4464
4456
4528
4640
15289
16125
4688
4720
4734
4745
4765
4721
4722
4726
4749
4777
4791
4776
4782
4788
4790
4787
4789
4948
4884
4849
4901
4807
4808
4812
4822
4823
4891
4865
4909
4926
4895
4954
30951
4955
4957
4956
5023
5026
4962
5039
4983
5003
4984
4982
4986
5019
5011
4987
5015
5013
5116
5120
5115
5122
5124
5125
5160
5146
5170
5191
5242
5239
5183
5227
5238
5209
5241
5252
5265
5260
5253
5275
5277
5274
5276
5288
5281
5285
5280
5331
5332
5333
5448
5450
5418
5449
5452
5471
5475
5469
5477
5729
5732
5730
5728
5733
6195
6077
6042
6203
6067
6028
6068
6041
6166
6160
6146
6158
6404
6777
6293
6514
6876
6522
6543
6531
6823
6795
6402
6827
6537
6695
6591
6805
6967
7116
7198
7138
7107
6965
7108
6992
6939
6942
7122
7070
7287
7075
7289
7088
7311
7337
7334
7314
7659
7615
7616
7649
7390
7414
7364
7420
7789
7728
7455
7748
7425
7738
7492
7778
7367
7517
7776
7406
7797
7563
7635
7634
7618
8996
8158
9005
9838
10339
10049
7924
7905
10299
9045
10091
9504
10249
7988
9220
9169
10139
10334
10345
11144
10572
11617
12323
11278
12424
12775
12387
12075
10503
11148
11089
13061
12438
12276
12941
11883
11400
11334
11233
12039
12578
12594
13458
12996
12741
12925
12146
14458
15170
14056
14800
16154
15703
15460
15454
14174
14322
16180
15010
14337
15339
16259
14253
16349
14459
16302
16393
16151
14304
14110
16198
16199
15203
15695
16053
14790
14841
14535
15275
15479
15443
15359
15622
18521
19341
19110
17293
17440
17466
16887
17526
16701
17826
17000
17938
16771
17742
17905
17999
17873
18040
16463
18047
19413
18139
18853
18861
18906
18134
17866
17316
17479
17616
16633
17142
16832
17057
17098
17066
18875
17441
20538
26126
19976
20576
25889
26113
25590
20578
25171
19454
19604
19610
25598
20424
25768
25923
19456
19485
20237
19524
20322
20379
25060
20512
25615
19506
19961
19904
19924
20092
19920
20171
20210
19973
20099
20177
26046
25846
25898
233350
27184
27882
26765
27051
26193
26435
26322
26469
27896
27150
26690
26901
26256
26595
26827
26905
27159
27691
27378
27838
27143
27153
27523
27199
27384
27404
27366
27393
27971
27997
27968
27993
29842
28817
30085
28028
28201
27987
28311
29138
28216
29311
29266
28811
30193
30207
29646
30137
30346
30321
30213
30292
30734
30233
30336
30340
30602
30801
30384
30747
30739
30815
30808
30813
30807
30824
30818
30822
30817
30836
30834
30825
30833
30849
30841
30846
30838
30843
30868
30851
30840
30861
30863
30852
30865
30869
30870
30874
30871
30916
30895
30891
30938
30963
30941
30961
30939
30958
30960
30959
30966
30965
30967
30968
30994
30984
30978
30980
30969
30982
30987
31002
30997
30988
31008
31587
31428
31593
31666
31205
31013
31067
31063
31106
31024
31103
31023
31284
31050
31214
31267
31135
31617
31404
31524
31138
31141
31189
31142
32378
31683
31780
32372
32279
31850
32303
31993
32390
32514
32469
32544
31772
31821
32436
31853
31865
31826
31868
32090
32081
32560
32274
32221
32254
32288
32324
32253
32363
32533
32525
32504
32524
32676
32754
32762
32656
32688
32702
32687
32719
32735
32659
32739
32677
32865
32811
32724
32747
32782
32774
32779
32772
32773
32817
32879
32897
32860
32837
32855
32840
32945
32905
33155
33029
33422
33388
33354
33473
33647
33773
33551
33664
33535
33605
33688
33615
33682
33692
33674
33711
33828
33829
33833
33830
33835
33837
33834
33836
33839
33842
33840
33838
33843
33845
33848
33846
33844
33868
33890
33896
33861
33903
33902
38733
38738
38744
38734
38761
38763
38752
38764
38766
38767
38768
38769
38785
38789
38797
38796
38805
38809
38804
38811
38812
38835
38832
38813
38821
38822
38833
38824
38840
38839
38842
38846
38841
38848
38926
38864
38906
38912
38851
38886
38882
38881
38899
38925
38927
38947
38977
38976
38940
38982
38983
38987
38984
38988
39005
39003
38989
39009
39010
39024
39033
39026
39401
39767
39320
39544
39440
39123
39050
39028
39038
39321
39261
39309
39189
39592
39636
39697
39796
39782
39785
39698
39787
39792
39794
39849
39879
39848
39883
39990
40058
39818
39961
40386
40362
40376
40364
39923
40368
39814
40388
40182
40117
40214
39847
39971
39981
39994
40219
40243
40162
40147
40195
40577
40470
40447
40529
40606
40619
40605
40622
40631
40634
40632
40627
40629
40628
40630
167804
167805
167923
167825
167888
167903
167951
167950
167997
168042
168041
168025
168058
168222
168138
168105
168187
167995
168188
168085
168334
168238
168318
168271
168260
168248
168323
168326
168317
168339
168345
168364
168398
168397
168329
168395
168331
168338
168330
168332
168335
168336
168337
168403
168376
168394
168378
168405
168411
168525
168501
168410
168419
168423
168640
168503
168445
168490
168461
168430
168440
168543
168453
168484
168486
168619
168488
168614
168610
168620
168572
168518
168537
168536
168519
168535
168583
168586
168584
168582
168625
168627
168630
168628
168626
168641
168643
168642
168645
168649
168646
168644
168653
168648
168650
168652
168656
168654
168651
168664
168657
168658
168659
168663
168660
168716
168718
168665
168741
168705
168685
168698
168687
168689
168726
168709
168714
168691
168758
168767
168706
168774
168750
168807
168813
168736
168729
168737
168738
168785
168739
168783
168776
168780
168751
168855
168820
168852
168819
168834
168836
168821
168837
168822
168862
168824
168858
168823
168846
168839
168844
168838
168860
168865
168857
168861
168890
168915
168891
168889
168901
168926
172879
172872
172876
172871
172884
172910
172938
173043
172923
172975
172985
172892
172994
173087
173086
173069
173083
173207
173089
173120
173208
173184
173152
173223
173276
173433
173482
173354
173500
173590
173572
173739
173829
173620
173712
173710
173622
173853
173880
173789
173888
173872
173855
173865
173857
173858
173878
173862
173850
174189
173890
174096
174173
174084
174176
174041
173906
173896
174047
174267
174092
173950
174219
174327
174284
174336
174325
174292
174293
174294
174394
174413
174407
174395
174437
174443
174472
174445
180177
174780
179581
180163
179516
179442
179430
179517
180653
181394
180362
180980
181574
181653
181602
181588
181693
181671
181684
181688
181694
181698
181715
181713
181699
181718
181721
181720
181768
181722
181750
181738
181746
181740
181765
181753
181760
181752
181774
181769
181778
181911
181877
181797
181786
181883
181908
181793
181985
181989
181997
181996
182044
182026
182059
182076
182422
183030
182336
182331
182101
182164
182115
182097
182177
184025
183881
183868
184109
183847
183894
183885
183943
184278
183855
183997
184240
203955
203956
203957
203979
207620
206715
206808
207739
206480
206325
206264
206481
